1100001101001001
1110101111000011
0001010000111101
0011110010110111
1100001101001001
1110101111000011
0001010000111101
0011110010110111
1100001101001001
1110101111000011
0001010000111101
0011110010110111
1100001101001001
1110101111000011
0001010000111101
0011110010110111
1100001101001001
1110101111000011
0001010000111101
0011110010110111
1100001101001001
1110101111000011
0001010000111101
0011110010110111
1100001101001001
1110101111000011
0001010000111101
0011110010110111
1100001101001001
1110101111000011
0001010000111101
0011110010110111
1100001101001001
1110101111000011
0001010000111101
0011110010110111
1100001101001001
1110101111000011
0001010000111101
0011110010110111
1100001101001001
1110101111000011
0001010000111101
0011110010110111
1100001101001001
1110101111000011
0001010000111101
0011110010110111
1100001101001001
1110101111000011
0001010000111101
0011110010110111
1100001101001001
1110101111000011
0001010000111101
0011110010110111
1100001101001001
1110101111000011
0001010000111101
0011110010110111
1100001101001001
1110101111000011
0001010000111101
0011110010110111