00000000000000000000000010000100
00000000000000000000000000100111
00000000000000000000000000010011
00000000000000000000000000001011
00000000000000000000000000001000
00000000000000000000000000000110
00000000000000000000000000000110
00000000000000000000000000000010
00000000000000000000000000000011
00000000000000000000000000000011
00000000000000000000000000000001
00000000000000000000000000000010
00000000000000000000000000000001
00000000000000000000000000000001
00000000000000000000000000000000
00000000000000000000000000000000
00000000000000000000000000000000
00000000000000001111111111111111
00000000000000000000000000000000
00000000000000000000000000000000
00000000000000001111111111111111
00000000000000001111111111111110
00000000000000001111111111111111
00000000000000001111111111111111
00000000000000001111111111111111
00000000000000000000000000000000
00000000000000001111111111111110
00000000000000001111111111111111
00000000000000001111111111111110
00000000000000001111111111111110
00000000000000001111111111111110
00000000000000001111111111111110
00000000000000000000000000000000
00000000000000001111111111111110
00000000000000001111111111111101
00000000000000001111111111111110
00000000000000001111111111111101
00000000000000001111111111111101
00000000000000001111111111111100
00000000000000001111111111111101
00000000000000001111111111111101
00000000000000001111111111111100
00000000000000001111111111111101
00000000000000001111111111111101
00000000000000001111111111111100
00000000000000001111111111111100
00000000000000001111111111111100
00000000000000001111111111111101
00000000000000001111111111111100
00000000000000001111111111111100
00000000000000001111111111111100
00000000000000001111111111111011
00000000000000001111111111111011
00000000000000001111111111111010
00000000000000001111111111111010
00000000000000001111111111111010
00000000000000001111111111111001
00000000000000001111111111111001
00000000000000001111111111110111
00000000000000001111111111110110
00000000000000001111111111110100
00000000000000001111111111110000
00000000000000001111111111101001
00000000000000001111111111010101
00000000000000000000000010000100
00000000000000000000000000100111
00000000000000000000000000010011
00000000000000000000000000001011
00000000000000000000000000001000
00000000000000000000000000000110
00000000000000000000000000000110
00000000000000000000000000000010
00000000000000000000000000000011
00000000000000000000000000000011
00000000000000000000000000000001
00000000000000000000000000000010
00000000000000000000000000000001
00000000000000000000000000000001
00000000000000000000000000000000
00000000000000000000000000000000
00000000000000000000000000000000
00000000000000001111111111111111
00000000000000000000000000000000
00000000000000000000000000000000
00000000000000001111111111111111
00000000000000001111111111111110
00000000000000001111111111111111
00000000000000001111111111111111
00000000000000001111111111111111
00000000000000000000000000000000
00000000000000001111111111111110
00000000000000001111111111111111
00000000000000001111111111111110
00000000000000001111111111111110
00000000000000001111111111111110
00000000000000001111111111111110
00000000000000000000000000000000
00000000000000001111111111111110
00000000000000001111111111111101
00000000000000001111111111111110
00000000000000001111111111111101
00000000000000001111111111111101
00000000000000001111111111111100
00000000000000001111111111111101
00000000000000001111111111111101
00000000000000001111111111111100
00000000000000001111111111111101
00000000000000001111111111111101
00000000000000001111111111111100
00000000000000001111111111111100
00000000000000001111111111111100
00000000000000001111111111111101
00000000000000001111111111111100
00000000000000001111111111111100
00000000000000001111111111111100
00000000000000001111111111111011
00000000000000001111111111111011
00000000000000001111111111111010
00000000000000001111111111111010
00000000000000001111111111111010
00000000000000001111111111111001
00000000000000001111111111111001
00000000000000001111111111110111
00000000000000001111111111110110
00000000000000001111111111110100
00000000000000001111111111110000
00000000000000001111111111101001
00000000000000001111111111010101
