        132
        -43
        -23
        -15
        -12
        -10
        -10
         -6
         -7
         -7
         -5
         -6
         -5
         -5
         -4
         -4
         -4
         -3
         -4
         -4
         -4
         -2
         -4
         -3
         -3
         -4
         -3
         -3
         -3
         -3
         -3
         -2
          0
         -2
         -1
         -2
         -2
         -1
         -1
         -1
         -1
         -1
         -1
         -1
         -1
         -1
          0
         -1
          0
          0
          0
          1
          1
          2
          2
          2
          3
          3
          5
          6
          8
         12
         19
         39
        132
        -43
        -23
        -15
        -12
        -10
        -10
         -6
         -7
         -7
         -5
         -6
         -5
         -5
         -4
         -4
         -4
         -3
         -4
         -4
         -4
         -2
         -4
         -3
         -3
         -4
         -3
         -3
         -3
         -3
         -3
         -2
          0
         -2
         -1
         -2
         -2
         -1
         -1
         -1
         -1
         -1
         -1
         -1
         -1
         -1
          0
         -1
          0
          0
          0
          1
          1
          2
          2
          2
          3
          3
          5
          6
          8
         12
         19
         39
