        132
         39
         19
         11
          8
          6
          6
          2
          3
          3
          1
          2
          1
          1
          0
          0
          0
         -1
          0
          0
         -1
         -2
         -1
         -1
         -1
          0
         -2
         -1
         -2
         -2
         -2
         -2
          0
         -2
         -3
         -2
         -3
         -3
         -4
         -3
         -3
         -4
         -3
         -3
         -4
         -4
         -4
         -3
         -4
         -4
         -4
         -5
         -5
         -6
         -6
         -6
         -7
         -7
         -9
        -10
        -12
        -16
        -23
        -43
        132
         39
         19
         11
          8
          6
          6
          2
          3
          3
          1
          2
          1
          1
          0
          0
          0
         -1
          0
          0
         -1
         -2
         -1
         -1
         -1
          0
         -2
         -1
         -2
         -2
         -2
         -2
          0
         -2
         -3
         -2
         -3
         -3
         -4
         -3
         -3
         -4
         -3
         -3
         -4
         -4
         -4
         -3
         -4
         -4
         -4
         -5
         -5
         -6
         -6
         -6
         -7
         -7
         -9
        -10
        -12
        -16
        -23
        -43
